$ANSIBLE_VAULT;1.1;AES256
66343435363238666664613130613866386637396433333866633833336332383461653061383561
6365346533643130323333626133393164346639353961380a366232393734666466353435373966
38636131653631396166643061316363633937326265373336613564373961386465366532616662
3030623234636435340a613335643131333862343937646233646565343534373765356536366563
32643865303763326530663533616164653362376164666438653333323261666462396362383332
34613631356237346339376531623931336130323062386231623962376437313136353235396565
32636561373434303839333866613662626430363531356566323364313565373962313163396331
61323563363661626639323263373436396134323931353961356561653266663764343138353837
63626234326135623264353666373832353365323533336237393834653762373133666365333366
33636666666461393362626661376630386533623134356462643964396236383436376331353162
376132616563313237363639666631653936
